 	Accuracy	Sensitivity	Specificity	MCC	F1
Interneuron	0.875	0.5	0.640625	0.0912870929175	0.228571428571
S1 Pyramidal	0.375	0.875	0.59375	0.295656197995	0.341463414634
CA1 Pyramidal	-0.25	1.0	0.578125	0.36351459	0.372093023256
Oligodendrocyte	0.875	0.875	0.59375	0.295656197995	0.341463414634
Microglia	0.25	0.25	0.671875	-0.0526578414839	0.129032258065
Endothelial	0.75	0.5	0.640625	0.0912870929175	0.228571428571
Astrocyte	1.0	0.625	0.625	0.160192346293	0.27027027027
Ependymal	0.75	0.625	0.625	0.160192346293	0.27027027027
Mural	0.375	0.375	0.65625	0.0206284249252	0.181818181818
Global Evaluations	0.625	0.625	0.625	0.158417383095	0.262617076677